46 1000000
36 1000000
31 1000000
49 1000000
47 1000000
50 1000000
37 1000000
29 1000000
49 1000000
42 1000000
43 1000000
42 1000000
44 1000000
43 1000000
52 1000000
47 1000000
42 1000000
45 1000000
36 1000000
49 1000000
43 1000000
40 1000000
30 1000000
45 1000000
47 1000000
44 1000000
36 1000000
34 1000000
35 1000000
37 1000000
37 1000000
36 1000000
55 1000000
44 1000000
36 1000000
43 1000000
36 1000000
34 1000000
32 1000000
37 1000000
43 1000000
51 1000000
43 1000000
42 1000000
42 1000000
42 1000000
30 1000000
41 1000000
37 1000000
41 1000000
43 1000000
41 1000000
32 1000000
50 1000000
45 1000000
42 1000000
51 1000000
48 1000000
44 1000000
38 1000000
34 1000000
40 1000000
46 1000000
54 1000000
43 1000000
38 1000000
37 1000000
37 1000000
35 1000000
43 1000000
47 1000000
43 1000000
41 1000000
36 1000000
37 1000000
39 1000000
43 1000000
32 1000000
38 1000000
34 1000000
24 1000000
40 1000000
46 1000000
44 1000000
40 1000000
43 1000000
49 1000000
52 1000000
42 1000000
41 1000000
43 1000000
43 1000000
45 1000000
36 1000000
44 1000000
34 1000000
37 1000000
55 1000000
40 1000000
48 1000000
