163 1000000
168 1000000
161 1000000
150 1000000
160 1000000
172 1000000
162 1000000
155 1000000
168 1000000
160 1000000
128 1000000
167 1000000
134 1000000
136 1000000
165 1000000
143 1000000
154 1000000
154 1000000
145 1000000
152 1000000
135 1000000
147 1000000
164 1000000
142 1000000
150 1000000
147 1000000
142 1000000
165 1000000
144 1000000
146 1000000
159 1000000
162 1000000
134 1000000
166 1000000
143 1000000
161 1000000
145 1000000
146 1000000
189 1000000
142 1000000
175 1000000
155 1000000
135 1000000
146 1000000
155 1000000
146 1000000
142 1000000
140 1000000
156 1000000
157 1000000
179 1000000
152 1000000
164 1000000
169 1000000
151 1000000
124 1000000
133 1000000
142 1000000
146 1000000
144 1000000
151 1000000
150 1000000
155 1000000
156 1000000
148 1000000
150 1000000
