152 1000000
173 1000000
157 1000000
176 1000000
164 1000000
160 1000000
160 1000000
139 1000000
177 1000000
158 1000000
146 1000000
177 1000000
167 1000000
177 1000000
148 1000000
158 1000000
152 1000000
163 1000000
165 1000000
179 1000000
167 1000000
177 1000000
153 1000000
191 1000000
154 1000000
174 1000000
157 1000000
158 1000000
138 1000000
154 1000000
179 1000000
150 1000000
139 1000000
156 1000000
163 1000000
175 1000000
170 1000000
181 1000000
161 1000000
164 1000000
142 1000000
158 1000000
150 1000000
157 1000000
143 1000000
170 1000000
148 1000000
143 1000000
163 1000000
183 1000000
171 1000000
174 1000000
185 1000000
183 1000000
154 1000000
158 1000000
176 1000000
149 1000000
166 1000000
147 1000000
192 1000000
168 1000000
